subset,mean_kendallw,std_kendallw,num_instances
Pytorch,0.8559964224286205,0.06996104028607214,68
Numpy,0.7924493980048161,0.03490348972440496,220
Pandas,0.9824,0.04940287878386202,291
Tensorflow,0.6563877536979703,0.1821815125034095,45
Sklearn,0.6359476436188509,0.1495294296078616,115
Scipy,0.9325168214654284,0.07135201404480221,106
Matplotlib,0.9013029239766083,0.07122529310212539,155
